#taken from red_giant_000892010-2009131105131.csv

                TIME TIMECORR CADENCENO SAP_FLUX SAP_FLUX_ERR SAP_BKG SAP_BKG_ERR PDCSAP_FLUX PDCSAP_FLUX_ERR SAP_QUALITY MOM_CENTR1 MOM_CENTR1_ERR MOM_CENTR2 MOM_CENTR2_ERR POS_CORR1
TIME             1.00     1.00      1.00    -0.45        -0.52   -0.94       -0.97       -0.16           -0.30        0.05      -0.90           0.74      -1.00           0.80     -0.95
TIMECORR         1.00     1.00      1.00    -0.45        -0.52   -0.94       -0.97       -0.16           -0.30        0.05      -0.90           0.74      -1.00           0.80     -0.95
CADENCENO        1.00     1.00      1.00    -0.45        -0.52   -0.94       -0.97       -0.16           -0.30        0.05      -0.90           0.74      -1.00           0.80     -0.95
SAP_FLUX        -0.45    -0.45     -0.45     1.00         0.85    0.42        0.42        0.94            0.14       -0.02       0.53          -0.87       0.46          -0.82      0.53
SAP_FLUX_ERR    -0.52    -0.52     -0.52     0.85         1.00    0.45        0.49        0.77            0.06        0.00       0.57          -0.71       0.52          -0.68      0.58
SAP_BKG         -0.94    -0.94     -0.94     0.42         0.45    1.00        0.94        0.16            0.31       -0.01       0.86          -0.67       0.93          -0.73      0.91
SAP_BKG_ERR     -0.97    -0.97     -0.97     0.42         0.49    0.94        1.00        0.15            0.31       -0.05       0.89          -0.69       0.97          -0.75      0.93
PDCSAP_FLUX     -0.16    -0.16     -0.16     0.94         0.77    0.16        0.15        1.00            0.10       -0.01       0.30          -0.69       0.17          -0.62      0.27
PDCSAP_FLUX_ERR -0.30    -0.30     -0.30     0.14         0.06    0.31        0.31        0.10            1.00       -0.06       0.41          -0.27       0.33          -0.30      0.39
SAP_QUALITY      0.05     0.05      0.05    -0.02         0.00   -0.01       -0.05       -0.01           -0.06        1.00      -0.05           0.04      -0.03           0.02     -0.04
MOM_CENTR1      -0.90    -0.90     -0.90     0.53         0.57    0.86        0.89        0.30            0.41       -0.05       1.00          -0.77       0.91          -0.81      0.98
MOM_CENTR1_ERR   0.74     0.74      0.74    -0.87        -0.71   -0.67       -0.69       -0.69           -0.27        0.04      -0.77           1.00      -0.74           0.99     -0.78
MOM_CENTR2      -1.00    -1.00     -1.00     0.46         0.52    0.93        0.97        0.17            0.33       -0.03       0.91          -0.74       1.00          -0.80      0.96
MOM_CENTR2_ERR   0.80     0.80      0.80    -0.82        -0.68   -0.73       -0.75       -0.62           -0.30        0.02      -0.81           0.99      -0.80           1.00     -0.83
POS_CORR1       -0.95    -0.95     -0.95     0.53         0.58    0.91        0.93        0.27            0.39       -0.04       0.98          -0.78       0.96          -0.83      1.00
POS_CORR2       -1.00    -1.00     -1.00     0.46         0.53    0.94        0.97        0.17            0.33       -0.02       0.91          -0.74       1.00          -0.80      0.97
                POS_CORR2
TIME                -1.00
TIMECORR            -1.00
CADENCENO           -1.00
SAP_FLUX             0.46
SAP_FLUX_ERR         0.53
SAP_BKG              0.94
SAP_BKG_ERR          0.97
PDCSAP_FLUX          0.17
PDCSAP_FLUX_ERR      0.33
SAP_QUALITY         -0.02
MOM_CENTR1           0.91
MOM_CENTR1_ERR      -0.74
MOM_CENTR2           1.00
MOM_CENTR2_ERR      -0.80
POS_CORR1            0.97
POS_CORR2            1.00

n
                TIME TIMECORR CADENCENO SAP_FLUX SAP_FLUX_ERR SAP_BKG SAP_BKG_ERR PDCSAP_FLUX PDCSAP_FLUX_ERR SAP_QUALITY MOM_CENTR1 MOM_CENTR1_ERR MOM_CENTR2 MOM_CENTR2_ERR POS_CORR1 POS_CORR2
TIME             476      476       476      472          472     472         472         469             469         476        472            472        472            472       469       469
TIMECORR         476      476       476      472          472     472         472         469             469         476        472            472        472            472       469       469
CADENCENO        476      476       476      472          472     472         472         469             469         476        472            472        472            472       469       469
SAP_FLUX         472      472       472      476          472     472         472         469             469         472        472            472        472            472       469       469
SAP_FLUX_ERR     472      472       472      472          476     472         472         469             469         472        472            472        472            472       469       469
SAP_BKG          472      472       472      472          472     476         472         469             469         472        472            472        472            472       469       469
SAP_BKG_ERR      472      472       472      472          472     472         476         469             469         472        472            472        472            472       469       469
PDCSAP_FLUX      469      469       469      469          469     469         469         476             469         469        469            469        469            469       469       469
PDCSAP_FLUX_ERR  469      469       469      469          469     469         469         469             476         469        469            469        469            469       469       469
SAP_QUALITY      476      476       476      472          472     472         472         469             469         476        472            472        472            472       469       469
MOM_CENTR1       472      472       472      472          472     472         472         469             469         472        476            472        472            472       469       469
MOM_CENTR1_ERR   472      472       472      472          472     472         472         469             469         472        472            476        472            472       469       469
MOM_CENTR2       472      472       472      472          472     472         472         469             469         472        472            472        476            472       469       469
MOM_CENTR2_ERR   472      472       472      472          472     472         472         469             469         472        472            472        472            476       469       469
POS_CORR1        469      469       469      469          469     469         469         469             469         469        469            469        469            469       476       469
POS_CORR2        469      469       469      469          469     469         469         469             469         469        469            469        469            469       469       476

P
                TIME   TIMECORR CADENCENO SAP_FLUX SAP_FLUX_ERR SAP_BKG SAP_BKG_ERR PDCSAP_FLUX PDCSAP_FLUX_ERR SAP_QUALITY MOM_CENTR1 MOM_CENTR1_ERR MOM_CENTR2 MOM_CENTR2_ERR POS_CORR1
TIME                   0.0000   0.0000    0.0000   0.0000       0.0000  0.0000      0.0005      0.0000          0.3183      0.0000     0.0000         0.0000     0.0000         0.0000   
TIMECORR        0.0000          0.0000    0.0000   0.0000       0.0000  0.0000      0.0005      0.0000          0.3183      0.0000     0.0000         0.0000     0.0000         0.0000   
CADENCENO       0.0000 0.0000             0.0000   0.0000       0.0000  0.0000      0.0005      0.0000          0.3183      0.0000     0.0000         0.0000     0.0000         0.0000   
SAP_FLUX        0.0000 0.0000   0.0000             0.0000       0.0000  0.0000      0.0000      0.0032          0.7038      0.0000     0.0000         0.0000     0.0000         0.0000   
SAP_FLUX_ERR    0.0000 0.0000   0.0000    0.0000                0.0000  0.0000      0.0000      0.1669          0.9298      0.0000     0.0000         0.0000     0.0000         0.0000   
SAP_BKG         0.0000 0.0000   0.0000    0.0000   0.0000               0.0000      0.0007      0.0000          0.7967      0.0000     0.0000         0.0000     0.0000         0.0000   
SAP_BKG_ERR     0.0000 0.0000   0.0000    0.0000   0.0000       0.0000              0.0014      0.0000          0.2339      0.0000     0.0000         0.0000     0.0000         0.0000   
PDCSAP_FLUX     0.0005 0.0005   0.0005    0.0000   0.0000       0.0007  0.0014                  0.0381          0.7698      0.0000     0.0000         0.0002     0.0000         0.0000   
PDCSAP_FLUX_ERR 0.0000 0.0000   0.0000    0.0032   0.1669       0.0000  0.0000      0.0381                      0.2039      0.0000     0.0000         0.0000     0.0000         0.0000   
SAP_QUALITY     0.3183 0.3183   0.3183    0.7038   0.9298       0.7967  0.2339      0.7698      0.2039                      0.3122     0.3468         0.4785     0.5939         0.4120   
MOM_CENTR1      0.0000 0.0000   0.0000    0.0000   0.0000       0.0000  0.0000      0.0000      0.0000          0.3122                 0.0000         0.0000     0.0000         0.0000   
MOM_CENTR1_ERR  0.0000 0.0000   0.0000    0.0000   0.0000       0.0000  0.0000      0.0000      0.0000          0.3468      0.0000                    0.0000     0.0000         0.0000   
MOM_CENTR2      0.0000 0.0000   0.0000    0.0000   0.0000       0.0000  0.0000      0.0002      0.0000          0.4785      0.0000     0.0000                    0.0000         0.0000   
MOM_CENTR2_ERR  0.0000 0.0000   0.0000    0.0000   0.0000       0.0000  0.0000      0.0000      0.0000          0.5939      0.0000     0.0000         0.0000                    0.0000   
POS_CORR1       0.0000 0.0000   0.0000    0.0000   0.0000       0.0000  0.0000      0.0000      0.0000          0.4120      0.0000     0.0000         0.0000     0.0000                  
POS_CORR2       0.0000 0.0000   0.0000    0.0000   0.0000       0.0000  0.0000      0.0002      0.0000          0.6480      0.0000     0.0000         0.0000     0.0000         0.0000   
                POS_CORR2
TIME            0.0000   
TIMECORR        0.0000   
CADENCENO       0.0000   
SAP_FLUX        0.0000   
SAP_FLUX_ERR    0.0000   
SAP_BKG         0.0000   
SAP_BKG_ERR     0.0000   
PDCSAP_FLUX     0.0002   
PDCSAP_FLUX_ERR 0.0000   
SAP_QUALITY     0.6480   
MOM_CENTR1      0.0000   
MOM_CENTR1_ERR  0.0000   
MOM_CENTR2      0.0000   
MOM_CENTR2_ERR  0.0000   
POS_CORR1       0.0000   
POS_CORR2    